# Created by Octave 4.0.0, Thu May 11 16:41:01 2017 Mitteleuropäische Sommerzeit <unknown@DESKTOP-GK933SV>
# name: A1
# type: matrix
# rows: 3
# columns: 3
 2 3 -1
 2 1 -1
 -4 2 1


# name: A2
# type: matrix
# rows: 4
# columns: 4
 1 1 0 3
 2 1 -1 1
 3 -1 -1 2
 -1 2 3 -1


# name: A3
# type: matrix
# rows: 4
# columns: 4
 0 3 -5 1
 -1 -3 0 -1
 -2 1 2 2
 -3 4 2 2


# name: A4
# type: matrix
# rows: 4
# columns: 4
 5 -3 0 2
 2 6 -3 0
 -1 2 4 -1
 -2 -3 2 7


# name: X1
# type: matrix
# rows: 3
# columns: 1
 2
 -1
 1


# name: X1IntervallAnfang
# type: matrix
# rows: 3
# columns: 1
 2.000484130022179
 -1.00024206501109
 1.00024206501109


# name: X1IntervallEnde
# type: matrix
# rows: 3
# columns: 1
 1.999515869977821
 -0.9997579349889104
 0.9997579349889104


# name: X2
# type: matrix
# rows: 4
# columns: 1
 -1
 2
 -1.295260195396016e-016
 0.9999999999999998


# name: X2IntervallAnfang
# type: matrix
# rows: 4
# columns: 1
 -1.000035227623813
 2.000070455247626
 -1.29530582433492e-016
 1.000035227623813


# name: X2IntervallEnde
# type: matrix
# rows: 4
# columns: 1
 -0.9999647723761869
 1.999929544752374
 -1.295214566457112e-016
 0.9999647723761866


# name: X3
# type: matrix
# rows: 4
# columns: 1
 -0
 2
 1
 -1


# name: X3IntervallAnfang
# type: matrix
# rows: 4
# columns: 1
 -0
 2.000125298898501
 1.00006264944925
 -1.00006264944925


# name: X3IntervallEnde
# type: matrix
# rows: 4
# columns: 1
 0
 1.999874701101499
 0.9999373505507496
 -0.9999373505507496


# name: X4
# type: matrix
# rows: 4
# columns: 1
 2
 1
 -2
 3


# name: X4IntervallAnfang
# type: matrix
# rows: 4
# columns: 1
 2.000031507260589
 1.000015753630294
 -2.000031507260589
 3.000047260890883


# name: X4IntervallEnde
# type: matrix
# rows: 4
# columns: 1
 1.999968492739411
 0.9999842463697057
 -1.999968492739411
 2.999952739109117


# name: a1
# type: scalar
4


# name: a1inv
# type: scalar
0.25


# name: a2
# type: scalar
39


# name: a2inv
# type: scalar
0.02564102564102564


# name: a3
# type: scalar
-90.99999999999999


# name: a3inv
# type: scalar
-0.01098901098901099


# name: a4
# type: scalar
1214


# name: a4inv
# type: scalar
0.0008237232289950577


# name: absX1
# type: matrix
# rows: 3
# columns: 1
 -0.0004841300221792204
 0.0002420650110896102
 -0.0002420650110896102


# name: absX2
# type: matrix
# rows: 4
# columns: 1
 3.52276238131881e-005
 -7.045524762637619e-005
 4.562893890360736e-021
 -3.522762381318809e-005


# name: absX3
# type: matrix
# rows: 4
# columns: 1
 0
 -0.0001252988985007659
 -6.264944925038294e-005
 6.264944925038294e-005


# name: absX4
# type: matrix
# rows: 4
# columns: 1
 -3.150726058860664e-005
 -1.575363029430332e-005
 3.150726058860664e-005
 -4.726089088290996e-005


# name: ans
# type: scalar
25.20650110896101


# name: b1
# type: matrix
# rows: 3
# columns: 1
 0
 2
 -9


# name: b2
# type: matrix
# rows: 4
# columns: 1
 4
 1
 -3
 4


# name: b3
# type: matrix
# rows: 4
# columns: 1
 0
 -5
 2
 8


# name: b4
# type: matrix
# rows: 4
# columns: 1
 13
 16
 -11
 10


# name: relA
# type: scalar
5.000000000000003e-006


# name: relB
# type: scalar
5.000000000000003e-006


